   1        "u-t+u"   13   16.526747  32.121685  44.273815
   2           "sp"  113  317.446381
   3        "k-h+i"    2    8.078819   4.982681   2.035893
   4        "a-h+i"    7   26.085331  11.006551  27.706970
   5        "a-k+h"    2    6.918386   6.918397  14.452473
   6        "a-l+a"   50  112.526772 107.975342 145.279007
   7        "a-m+a"   50  132.989548 118.016884 113.983101
   8        "a-n+j"   12   28.130484  21.051367  17.489529
   9        "n-j+u"   12   71.090591  53.717865  36.136330
  10        "a-w+a"   13   49.657730  95.324409  94.065475
  11       "a-kh+i"    4    6.188128   6.936453   6.874269
  12       "u-t+ny"   12   24.236702  19.758102  28.740767
  13        "t-u+p"   13   27.142065  40.727551  56.173157
  14        "t-u+t"   13   23.852179  24.528193  38.724529
  15        "w-a+l"   13   15.292523  20.700106  31.069885
  16       "t-ny+a"   12   48.351562  44.878590  56.078583
  17          "a+h"    7   17.774815  16.354149  42.816196
  18          "a+k"    2    2.006615   2.123501   2.012101
  19          "a+w"   13   18.505999  13.755941  22.636068
  20          "a-l"   13   61.434723  23.654837  33.244190
  21          "a-n"   50  185.201614 103.873688 410.927917
  22        "j-u+t"   12   19.658266  17.785820  17.563868
  23        "m-a+n"   50   66.740028  50.741158 128.699738
  24          "h+a"   50  146.091705 108.194107 161.832397
  25          "i-r"   13   39.617313  52.611427  64.163567
  26          "s+e"   24   93.408836 104.887787  63.007442
  27          "t+u"   13   21.094881  15.032381  33.037941
  28          "sil"  126  415.206726 317.446381 2103.846924
  29          "u-p"   13   28.527512  47.569733 206.413773
  30       "u-m+ny"   12   23.187790  28.097570  20.780615
  31        "s-e+b"   12   21.712461  20.406202  20.556366
  32        "s-e+l"   12   18.479843  21.394810  25.134512
  33         "ny-a"   24   30.615551  25.938799  61.929356
  34        "l-a+m"   50   83.895523  52.994572 126.746162
  35        "l-a+n"   12   16.521841  12.673912  26.329990
  36         "a+kh"    4    6.104972   4.086021  12.048315
  37        "b-e+l"   12   26.028061  16.238655  53.186581
  38        "l-u+m"   12   15.420963  14.699269  23.852346
  39       "m-ny+a"   12   73.527405  67.415115  45.073570
  40        "e-b+e"   12   35.406952  40.681217  70.000107
  41        "e-l+a"   12   35.669441  28.483181  21.044436
  42        "e-l+u"   12   14.916421  17.331402  53.199520
  43       "kh-i+r"    4    8.840737  23.146666   4.772644
  44        "h-a+l"   50   73.237244  52.361549  97.045601
  45        "h-i+r"    9   63.188725  47.661659  56.428940
